Adobe After Effects 6.0 Keyframe Data

	Units Per Second	30
	Source Width	720
	Source Height	1280
	Source Pixel Aspect Ratio	1
	Comp Pixel Aspect Ratio	1

Effects	ADBE Corner Pin #1	ADBE Corner Pin-0001
	Frame	X pixels	Y pixels
	65	243.824	377.078
	66	239.037	377.682
	67	237.732	380.725
	68	237.516	383.92
	69	234.207	385.405
	70	232.022	388.845
	71	232.878	392.047
	72	231.761	392.256
	73	230.32	395.17
	74	227.261	396.49
	75	226.088	396.879
	76	227.112	399.929
	77	222.754	402.242
	78	226.516	403.987
	79	226.106	405.622
	80	228.481	408.454
	81	229.979	408.175
	82	233.216	411.899
	83	231.104	411.121
	84	231.196	410.524
	85	239.347	409.106
	86	240.498	407.392
	87	248.398	406.932
	88	249.634	405.282
	89	253.211	403.229
	90	254.544	402.775
	91	262.786	404.194
	92	268.864	404.675
	93	269.425	404.592
	94	272.358	404.026
	95	277.006	402.174
	96	279.85	400.74
	97	285.655	398.862
	98	289.083	398.359
	99	294.689	398.071
	100	301.074	397.452
	101	312.406	398.704
	102	319.881	400.028
	103	331.268	405.15
	104	340.653	408.402
	105	344.753	409.74
	106	353.486	412.46
	107	360.858	414.682
	108	366.081	415.707
	109	371.601	416.612
	110	374.012	418.593
	111	372.338	419.693
	112	374.39	421.269
	113	375.879	422.937
	114	378.068	424.01
	115	379.533	427.499
	116	384.049	429.417
	117	382.703	430.096
	118	388.808	432.293
	119	390.609	432.477
	120	396.809	432.883
	121	400.711	431.003
	122	416.559	431.952
	123	421.22	431.775
	124	429.938	432.824
	125	436.831	431.026
	126	438.586	430.985
	127	443.629	429.265
	128	448.658	426.289
	129	451.477	426.078
	130	450.652	426.202
	131	455.644	426.198
	132	447.507	426.65
	133	447.2	427.154
	134	444.151	428.693
	135	444.276	428.78
	136	443.816	429.928
	137	442.83	430.917
	138	442.848	431.356
	139	438.573	431.143
	140	435.073	431.159
	141	434.667	430.971
	142	432.814	430.654
	143	430.708	430.621
	144	430.518	430.8
	145	427.774	432.083
	146	426.657	432.626
	147	427.029	433.506
	148	427.558	434.241
	149	422.973	434.426
	150	421.349	432.873
	151	422.034	434.167
	152	421.305	434.98
	153	419.526	435.436
	154	416.41	436.54
	155	413.499	437.598
	156	413.022	437.536
	157	410.647	438.452
	158	407.892	439.935
	159	405.159	439.87
	160	402.117	440.409
	161	403.384	441.319
	162	403.95	441.89
	163	405.035	442.938
	164	406.226	444.058
	165	402.867	444.734
	166	404.134	445.348
	167	400.093	445.955
	168	401.689	446.83
	169	400.056	447.76
	170	398.491	448.092
	171	397.187	448.362
	172	395.852	448.359
	173	401.223	449.553
	174	401.583	449.17
	175	401.351	449.368
	176	400.503	449.525
	177	398.775	449.865
	178	395.721	450.641
	179	390.107	449.82
	180	389.529	450.114
	181	386.317	450.334
	182	383.825	450.259
	183	383.318	450.457
	184	381.1	450.46
	185	377.488	451.647
	186	380.048	452.596
	187	374.931	453.628
	188	374.209	455.478
	189	372.385	458.433
	190	366.303	459.753
	191	360.714	460.46
	192	358.1	459.57
	193	346.959	460.776
	194	356.242	460.876
	195	353.139	460.829
	196	347.424	461.108
	197	341.102	460.57
	198	347.531	461.24
	199	340.097	462.368
	200	349.807	464.114
	201	341.938	464.307
	202	349.764	463.093
	203	345.903	462.054
	204	344.664	457.968
	205	342.043	456.431
	206	344.965	459.108
	207	332.962	459.765
	208	338.108	459.732
	209	348.883	456.367
	210	350.182	457.759
	211	354.096	457.21
	212	353.471	453.896
	213	346.696	455.666
	214	338.238	453.012
	215	325.561	445.765
	216	321.492	446.185
	217	315.618	429.677
	218	310.617	432.542
	219	307.095	434.38
	220	299.241	434.359
	221	289.044	432.64
	222	289.876	447.147
	223	293.948	456.564
	224	294.949	462.683

Effects	ADBE Corner Pin #1	ADBE Corner Pin-0002
	Frame	X pixels	Y pixels
	65	554.505	386.264
	66	553.3	387.92
	67	551.046	390.825
	68	548.837	393.655
	69	547.692	394.808
	70	544.263	398.556
	71	542.079	401.141
	72	540.244	402.749
	73	537.776	405.528
	74	534.893	407.566
	75	533.53	408.408
	76	530.909	410.63
	77	528.262	412.512
	78	526.665	413.792
	79	524.689	414.5
	80	525.828	418.218
	81	526.276	418.486
	82	526.474	420.842
	83	527.802	420.388
	84	529.126	419.966
	85	531.082	417.936
	86	534.236	415.894
	87	535.732	413.958
	88	538.984	412.821
	89	541.318	411.629
	90	543.171	411.048
	91	544.987	409.853
	92	546.971	410.434
	93	547.958	410.449
	94	550.425	410.382
	95	553.908	409.073
	96	555.005	408.647
	97	559.044	407.687
	98	563.387	406.343
	99	566.728	405.112
	100	574.726	403.36
	101	586.8	403.375
	102	592.711	404.285
	103	602.679	409.175
	104	613.599	412.402
	105	618.283	414.008
	106	625.433	415.953
	107	632.054	417.642
	108	636.051	417.992
	109	640.55	419.134
	110	643.228	420.833
	111	643.317	421.504
	112	642.991	423.001
	113	642.284	424.99
	114	641.584	426.144
	115	641.511	428.938
	116	643.85	430.231
	117	645.615	431.642
	118	649.605	433.096
	119	654.744	434.112
	120	658.469	433.679
	121	667.273	433.072
	122	677.136	432.938
	123	682.086	432.684
	124	688.852	432.624
	125	695.454	431.492
	126	698.493	430.256
	127	703.625	429.132
	128	708.479	426.41
	129	709.059	425.886
	130	709.242	425.823
	131	709.602	425.447
	132	707.486	426.347
	133	704.615	427.536
	134	701.577	429.102
	135	700.001	429.43
	136	697.238	430.374
	137	693.941	430.846
	138	691.939	430.768
	139	688.131	430.288
	140	684.734	429.612
	141	683.735	429.403
	142	680.391	429.134
	143	678.219	429.87
	144	677.024	430.23
	145	674.519	431.217
	146	672.461	431.438
	147	671.155	432.39
	148	669.252	433.295
	149	667.167	434.171
	150	665.329	434.567
	151	663.01	435.193
	152	660.359	435.037
	153	659.122	435.282
	154	655.693	436.207
	155	652.802	436.473
	156	651.602	437.403
	157	648.936	437.741
	158	646.442	438.491
	159	644.965	438.944
	160	642.747	439.784
	161	640.464	440.742
	162	639.679	441.253
	163	638.402	442.378
	164	637.164	443.467
	165	636.367	443.964
	166	635.052	444.679
	167	633.831	445.732
	168	633.049	445.621
	169	631.822	446.406
	170	630.804	446.712
	171	630.104	447.064
	172	628.808	446.803
	173	627.49	447.443
	174	626.872	447.331
	175	624.852	448.26
	176	622.597	449.186
	177	620.659	449.601
	178	617.057	449.49
	179	612.629	450.188
	180	610.219	449.89
	181	605.812	450.397
	182	602.062	450.242
	183	600.356	450.76
	184	596.873	450.979
	185	592.169	452.573
	186	589.59	453.323
	187	584.24	454.309
	188	578.707	455.186
	189	575.964	456.952
	190	570.097	456.606
	191	564.297	458.154
	192	561.378	458.426
	193	554.758	459.253
	194	547.94	459.784
	195	545	460.699
	196	537.885	462.998
	197	532.117	465.587
	198	529.399	465.301
	199	522.93	465.429
	200	518.489	466.102
	201	516.522	465.637
	202	511.224	467.209
	203	505.941	466.828
	204	504.017	464.78
	205	500.232	463.845
	206	497.637	464.362
	207	497.146	462.712
	208	494.327	463.442
	209	490.51	460.713
	210	492.496	458.923
	211	489.162	459.46
	212	484.811	458.628
	213	484.025	456.702
	214	482.754	455.145
	215	479.179	456.032
	216	478.017	456.445
	217	471.312	458.467
	218	466.31	461.536
	219	462.425	462.181
	220	457.251	462.467
	221	450.92	459.091
	222	448.243	457.836
	223	443.101	453.993
	224	438.485	451.255

Effects	ADBE Corner Pin #1	ADBE Corner Pin-0003
	Frame	X pixels	Y pixels
	65	238.981	463.438
	66	237.957	465.364
	67	237.082	466.802
	68	237.291	468.142
	69	234.635	469.959
	70	232.747	472.74
	71	233.71	474.57
	72	230.27	475.707
	73	228.712	478.149
	74	226.217	479.347
	75	226.207	479.246
	76	227.481	480.911
	77	223.808	483.026
	78	227.218	483.694
	79	226.46	485.101
	80	228.38	487.401
	81	228.828	486.766
	82	231.242	489.264
	83	230.658	488.882
	84	229.978	488.406
	85	236.845	485.164
	86	238.298	483.915
	87	245.845	481.901
	88	247.244	480.621
	89	252.041	478.346
	90	253.229	478.588
	91	259.627	478.693
	92	266.592	477.218
	93	267.192	477.484
	94	269.711	476.808
	95	275.742	474.439
	96	279.478	472.083
	97	285.133	469.142
	98	287.317	469.743
	99	291.772	469.719
	100	299.864	469.028
	101	309.626	471.423
	102	317.632	471.736
	103	329.363	476.922
	104	339.262	480.564
	105	343.828	481.885
	106	353.158	483.65
	107	358.309	486.08
	108	364.384	486.584
	109	372.237	486.478
	110	374.338	488.396
	111	371.914	490.209
	112	375.207	490.779
	113	376.039	491.7
	114	377.616	491.963
	115	378.813	494.845
	116	382.617	496.05
	117	380.461	498.005
	118	387.257	498.869
	119	389.351	499.609
	120	395.553	499.246
	121	399.018	498.871
	122	414.879	497.768
	123	419.772	497.383
	124	428.061	497.657
	125	434.492	495.492
	126	434.983	496.264
	127	441.191	494.122
	128	446.674	490.978
	129	448.404	490.08
	130	448.672	490.047
	131	455.51	488.25
	132	445.489	490.786
	133	445.786	490.805
	134	442.862	492.151
	135	443.655	491.628
	136	443.273	492.341
	137	443.356	492.639
	138	444.202	492.705
	139	439.39	492.874
	140	436.15	493.038
	141	435.699	492.563
	142	433.386	491.887
	143	431.785	491.473
	144	430.965	491.591
	145	428.283	492.787
	146	427.237	492.866
	147	427.22	493.128
	148	427.505	493.403
	149	425.551	494.164
	150	421.469	494.009
	151	421.812	494.027
	152	421.416	494.407
	153	419.557	494.751
	154	416.395	495.153
	155	413.623	497.023
	156	412.816	497.063
	157	411.427	497.138
	158	409.999	497.912
	159	407.455	498.76
	160	404.663	500.157
	161	405.891	500.299
	162	406.993	500.783
	163	408.474	501.4
	164	410.18	502.055
	165	407.346	503.701
	166	408.151	503.416
	167	404.404	504.157
	168	405.438	504.248
	169	403.768	504.834
	170	402.098	504.952
	171	401.01	504.858
	172	397.887	504.656
	173	402.326	504.115
	174	402.191	504.86
	175	401.93	504.915
	176	401.323	504.996
	177	399.68	505.543
	178	395.699	505.372
	179	390.238	505.264
	180	390.214	505.695
	181	387.373	505.946
	182	385.388	506.135
	183	385.316	506.388
	184	383.589	506.487
	185	380.55	507.784
	186	382.124	507.75
	187	379.84	508.952
	188	379.973	510.035
	189	378.462	511.937
	190	371.145	513.784
	191	365.714	511.534
	192	361.422	513.071
	193	345.914	518.06
	194	352.89	515.47
	195	348.156	517.054
	196	344.088	517.437
	197	336.141	516.964
	198	344.299	515.419
	199	335.125	517.291
	200	347.544	511.556
	201	342.293	514.004
	202	350.389	512.155
	203	344.737	508.993
	204	344.87	504.215
	205	340.532	499.136
	206	344.866	494.631
	207	330.713	496.474
	208	336.586	495.399
	209	348.455	494.992
	210	349.387	491.631
	211	353.535	487.662
	212	352.933	486.007
	213	347.358	487.275
	214	341.563	484.438
	215	329.538	477.781
	216	323.726	479.077
	217	321.887	463.011
	218	315.688	466.549
	219	311.244	468.789
	220	301.895	469.46
	221	290.481	468.3
	222	289.072	482.152
	223	292.575	490.208
	224	293.488	495.911

Effects	ADBE Corner Pin #1	ADBE Corner Pin-0004
	Frame	X pixels	Y pixels
	65	552.974	467.009
	66	551.988	467.937
	67	549.692	470.715
	68	547.401	473.522
	69	545.848	474.549
	70	543.22	477.643
	71	540.348	480.279
	72	539.059	481.473
	73	536.585	483.464
	74	533.665	484.886
	75	532.27	485.46
	76	529.646	487.552
	77	527.102	488.605
	78	525.503	489.995
	79	523.894	490.641
	80	524.871	493.606
	81	525.455	493.726
	82	525.834	495.907
	83	527.168	495.019
	84	528.527	494.27
	85	530.589	492.402
	86	533.85	489.893
	87	535.419	488.254
	88	538.635	486.542
	89	540.507	484.828
	90	542.145	484.189
	91	544.352	483.285
	92	546.469	483.36
	93	547.492	483.372
	94	549.836	482.437
	95	553.235	480.758
	96	554.225	479.853
	97	558.207	477.805
	98	562.636	476.175
	99	566.116	475.355
	100	574.036	473.481
	101	586.957	473.084
	102	592.646	474.22
	103	602.65	478.794
	104	613.654	481.933
	105	618.422	483.364
	106	625.532	484.706
	107	633.266	486.197
	108	636.649	486.463
	109	641.414	487.178
	110	643.891	488.661
	111	644.014	489.221
	112	643.664	490.573
	113	643.063	492.478
	114	642.504	493.742
	115	642.321	496.009
	116	644.601	497.025
	117	646.524	498.034
	118	650.368	499.15
	119	655.496	499.641
	120	659.123	499.066
	121	668.343	498.035
	122	677.786	498.094
	123	682.466	497.822
	124	689.491	497.388
	125	696.341	495.742
	126	699.675	494.356
	127	704.376	493.186
	128	708.898	490.582
	129	709.568	489.791
	130	709.603	489.316
	131	708.492	489.003
	132	707.641	489.044
	133	704.824	490.203
	134	702.019	491.198
	135	700.43	491.247
	136	697.698	492.237
	137	694.455	492.662
	138	692.47	492.725
	139	688.884	491.758
	140	685.227	490.931
	141	684.218	490.691
	142	680.876	490.044
	143	678.723	490.367
	144	677.532	490.649
	145	675.092	491.146
	146	672.929	491.085
	147	671.609	491.65
	148	669.578	492.302
	149	667.117	492.96
	150	665.471	492.833
	151	662.954	492.859
	152	660.643	493.229
	153	659.4	493.444
	154	655.867	493.586
	155	653.136	493.72
	156	651.911	494.588
	157	649.393	494.788
	158	646.734	495.422
	159	645.366	495.475
	160	643.256	496.035
	161	641.038	496.568
	162	640.256	497.026
	163	638.952	497.921
	164	637.672	498.828
	165	636.887	498.87
	166	635.687	499.772
	167	634.433	500.766
	168	633.797	500.868
	169	632.608	501.646
	170	631.654	501.943
	171	631.045	502.152
	172	629.731	502.076
	173	628.514	503.348
	174	627.96	502.412
	175	626.018	503.545
	176	623.8	504.687
	177	622.065	504.937
	178	618.322	504.957
	179	613.937	505.12
	180	611.592	504.657
	181	607.078	504.903
	182	603.358	504.715
	183	601.615	504.998
	184	598.15	505.025
	185	593.546	506.44
	186	591.163	507.392
	187	585.65	508.483
	188	580.095	509.575
	189	577.14	510.753
	190	571.244	510.313
	191	564.68	510.836
	192	561.325	510.837
	193	554.385	511.247
	194	548.068	513.293
	195	544.94	514.456
	196	538.074	515.782
	197	532.298	516.911
	198	529.803	517.171
	199	523.907	515.79
	200	521.451	512.26
	201	517.9	513.813
	202	513.494	514.243
	203	508.926	511.284
	204	503.577	505.036
	205	501.217	497.905
	206	496.452	491.743
	207	494.142	492.392
	208	492.988	493.219
	209	490.576	494.542
	210	492.598	493.191
	211	489.396	488.67
	212	484.54	488.608
	213	483.025	487.009
	214	482.383	485.964
	215	479.815	486.757
	216	477.475	487.553
	217	475.606	489.906
	218	469.814	493.172
	219	465.432	493.815
	220	459.206	494.351
	221	452.083	491.1
	222	447.773	489.472
	223	441.964	485.98
	224	437.257	482.837

End of Keyframe Data
